$ANSIBLE_VAULT;1.1;AES256
32353861633832616536353834663934323133323366376132666531616466393962393138353163
3465613030396466313965346135353264393732336361630a316566353234656630663434333930
61303465636361323837333030326131383865623563643730346564643638363830623735613866
3638353066626163390a353535626237616137336435323934393732386532363764663731386430
33366434613137626165623535636631303039663235333838333836323935363531363464323962
37626536346237303263386665353665626262633436643730303561613037373338396461333963
32323765653336343039343731373265653564326464333739373034656333313339373334346431
62363137306533373035623337396430643134383530303034366261333038646166613636316566
36656334386630313033373365326331343631636266313039373635336439373566653764653666
64373532623334353030356430613166373532323433316639656632326636326239626665313431
30366166396534386334323965346536383039313732386238373337326365346165353638316161
64373666613032336337
