$ANSIBLE_VAULT;1.1;AES256
37376664373331313461393561633933653334613164353965393635633530613438616234386265
6332363632633236633937616165313935353130383235610a376632643430386236633739663466
30313065613732333331666231383034386535343733333733396164633037386535663634383464
3735353033613464640a646635353830656566333866323863643334303466366139343761333331
64633837666138663861396363303236363566313439396663303863326331363135386331323265
35383230363432656437363532663163613230626365333332323166383739623935333732636632
64383637306637333666343465626230396665316234363763346632626433633736356532356463
32313733326663316563356564616565666636343436373839323034356636396639643435363234
31316461326437313736656334326338383930316165616231336464353964626662616630383363
65656230353030646463353564656263653330353131656365343434373661376531343330633031
31626133336231646435646365373265623664313637653739666230343933316264373339366337
33306164656230643932
