$ANSIBLE_VAULT;1.1;AES256
62386666356631616366336135383739336338616330323931616535313032643639623237323262
6536663062346637383434356161346461366161643364320a616565653761343933313331636462
32656636633738613936396434393564316430366630353035653430386163626332383033663763
3432393662303632360a623231373766336631303965633266306337303935366237323131343331
36663136386634316363656463646331623736333231643063343166623963396530313434393235
30613730663531626436316663663537393033326232616536613138366631323365653433313061
64326661346464316130376361623139623232633266376133633939313132363834393437313962
36633163613862656632626434643764336433613839373866636363326532376465343464383835
30346634346137323438663962396636366664613466333737383338303763356561626463653930
36376138343631366363343132623465306166313536373732323064303330373561323937326332
36366565373065336638383763353932373239313734383136373631633839323466626238613738
33346430303230643061323763373835386133623266313530373037343334643230663639393436
66376435346235323732313764313163376130626530323633313538303931303766636137633237
31636231323830363031393437373231316130323939636633353362376438643434386264343763
366263656130633461336363666231343862
