$ANSIBLE_VAULT;1.1;AES256
64323538623762333934383136646434666138626533643864393563366138386637646637363861
6465346430656532343465306539613435323233333033610a386438613434663438393130326639
63653635316166636335343636663234356136393264343664383336373365306637653964316464
3135623039376166390a666634333239633531343662346563633238306132343133333133636163
32316366393966626636616261393666303931643533626233646433636466353030626432343636
31373961366334396231663632653964326338623462353137316561373966323065353030643262
36643331303838393132336333643739653234666661656637613263636462343932333732323933
31366664393937343131383038333434303131363861356534613138396332376164353764373735
66323936656638616263663732643262343965636265383463333461333861363034613431636437
35346263666531303963396161333638313864653164323161346564306438656531323162356463
64613762333033386564343436326333653165393035613666303864316237346434303864363563
30356235633665346561
