$ANSIBLE_VAULT;1.1;AES256
39313538633739323266666537383337643964346161636239316362353661323032303638646630
6364653237323266383164633035366536363664313337620a316264376532373039333464313339
61336237653961623263323237653732633265633661356666313537386362623138363063353536
3966643431303837320a356266353664343335323565633237303832353762643034633435316333
32353239656534383135346430663163313834646162303832363265646330393435613963303438
66653264346635383536363733376566393930393335363231333836303365333435313938326262
31383365656134343633643438343138613935313865636333666137643066303661613334373861
37623565306364396136646535666136356463346633333034366535646562306131393537366334
61396134303961383363303636653530373765356237663536303236313962663762383866633833
31656437316537313232313032643833336433613863303263323066623838363038353932396466
38323763613037636232353735653838323963333964356364323932303030323334333434646138
30333762613039353963393731306336313365353763663461333536336337383035366536363266
3461
