$ANSIBLE_VAULT;1.1;AES256
31396231643432316261323666306664323463313230373864346538376666623733326135383139
3562376336623636393231333335663163323833383766610a353335636463636434653338323732
38353261383835333139333638623164306265623062353832643563653639316638656334353437
3465643030376263300a343665613138363762383837663830626666353631653732346132333332
61656265333737353833656166656232363439616462653137613333363232393539383934666435
66316634326636623734323933303762613937356461313662333937323231366639396230313238
37393231356363386235336330666638306133626630326638663034316362316336356265393238
36336266313361376266306662373135626563393230623162303962636634323966363664346265
30343333643464336535333365323930353639383365623434373332373938633737653561623038
63656563613865323465346636353362646431383530303934343939353030653961393236326538
353466336265326130396661363831386465
