$ANSIBLE_VAULT;1.1;AES256
32336364356331353838616431303665653036303436663161303163343138323634653335633537
6437303238616533636436336665653931656133316630620a333764353366363566656233636161
66353234653538633833643561343764663966613634333633376461326231616431636134656231
6465633263666233640a626661646332313963616562323965316637616138643034633031373131
63373130326164353132623037366233333865343366353531393837623136626431343131363134
64656437653161646562323530333237336437666536393564373263623363303437656366303539
32386632333639346534316363366236353064633735386164373935613565633261636631613637
31313363313634653266343932613437396337616534386463323535323132323335326464616364
35643231376664636134323361633235653565356632666137346665336261623131383134316437
35636539616632626561663961366364633932303032303536663463613962323261653065626137
626361393362613631633037333064336337
