$ANSIBLE_VAULT;1.1;AES256
32376238663038633462633864623563643534336637313332313334356231626361393332613164
6136393532396132363536396362663661646431333565380a376462323535663965326538323932
64383864623766333535356238376631653739333566313161343461393532393236376539643137
3739373139363165300a333933333737363861323666323733336439316434353162323332663161
66656534363938343932343862313065633061303934333237333735623631363866356635653937
37623161303135306234336566653162346136323837633365323638656135363363616535666239
36623266653330343737373833633338623939366234616535613139623134633863333230633137
35613663343433346532383634336138613832336262353036326335306536313764323466306463
32393639313362666432613664326437613062376261393462633561333636306332343565633865
35343630353164313635386336303038623036333563613761613735643564373065646339376439
356631356562356632313232326439363734
