$ANSIBLE_VAULT;1.1;AES256
32333835363934333033626263616361313163306164326330646232383564636330663737323965
3339353034656331393733383165346234653039353537300a666337323235653034356238646233
35316362623039663735386663396333383933636564343536363837656661656461653033663535
3630346464626462630a623833383830656563636337316236633334356234383833626263653465
37343230363734373331646132613831313932346165386463653533366638363538663038336661
37333230613438653665643731366161326633666263303165623566303136343635376164313066
62343932663461306466363065386665313162633363646236656633666637383962616431363039
63643331346436643632623338343061373063343230373866393666303161343365626564376565
33613936303465366564353261346262316363613366323662616136393333393237316234633536
31313562636531653638643764643532656666623363653630336237363036636465306362663633
36646236353963643836313538656563373233303839353538373339333630376365303936393433
32303135363863653137
